15,40000
27,29999
25,70000
25,40000
25,40000
25,10000
25,10000
25,10000
25,70000
25,70000
25,70000
25,70000
26,10000
25,70000
25,70000
25,40000
26,10000
25,70000
26,10000
26,10000
25,70000
25,40000
25,70000
26,10000
26,10000
27,00000
26,40000
26,10000
26,40000
27,00000
27,00000
27,00000
27,29999
27,29999
27,29999
27,00000
27,00000
27,70000
27,70000
27,70000
27,70000
27,29999
27,29999
27,70000
27,29999
27,00000
27,00000
26,10000
25,70000
26,10000
26,40000
27,00000
26,10000
26,10000
25,10000
25,70000
25,70000
25,70000
25,40000
25,40000
25,40000
26,10000
25,70000
25,70000
25,70000
26,40000
27,29999
27,29999
27,29999
27,70000
27,29999
27,00000
27,00000
26,10000
26,40000
27,00000
27,00000
27,00000
26,40000
26,40000
27,00000
27,29999
27,70000
27,70000
28,00000
27,70000
27,70000
27,29999
27,29999
27,00000
26,40000
26,40000
26,10000
27,00000
27,00000
27,00000
27,29999
28,29999
28,29999
28,00000
29,90000
31,20000
32,20000
32,50000
32,20000
33,50000
33,50000
33,09999
32,79999
30,20000
27,70000
28,60000
31,90000
33,09999
31,20000
28,29999
30,90000
31,20000
31,90000
31,50000
30,90000
29,90000
29,90000
30,20000
29,00000
29,29999
30,20000
30,20000
29,90000
30,20000
29,90000
28,60000
29,00000
29,00000
29,00000
29,00000
30,20000
30,90000
30,20000
30,20000
30,90000
29,00000
28,60000
28,60000
29,90000
30,90000
31,20000
31,20000
31,20000
30,90000
31,20000
31,50000
31,50000
31,90000
32,20000
31,20000
30,90000
30,20000
30,90000
31,20000
30,90000
30,90000
30,90000
30,20000
29,90000
29,29999
29,29999
29,60000
29,00000
30,20000
30,90000
30,20000
29,90000
29,00000
28,60000
28,60000
28,29999
28,00000
28,29999
28,00000
27,70000
28,00000
29,00000
29,60000
29,90000
29,90000
30,20000
30,20000
29,90000
29,00000
29,00000
29,90000
29,90000
29,90000
30,20000
29,00000
28,29999
29,00000
29,60000
29,29999
29,00000
29,90000
30,20000
29,90000
29,90000
30,20000
30,20000
30,20000
30,90000
30,20000
30,90000
29,90000
30,90000
30,90000
30,90000
30,20000
29,90000
30,90000
30,90000
31,20000
31,20000
31,50000
31,50000
30,90000
31,20000
31,50000
31,20000
29,60000
29,00000
28,60000
28,00000
27,70000
28,00000
27,70000
27,29999
27,29999
27,00000
27,29999
27,29999
27,70000
28,00000
28,29999
28,29999
28,60000
29,00000
29,29999
28,29999
28,60000
28,60000
28,29999
27,70000
28,29999
28,00000
28,00000
28,00000
28,00000
27,70000
27,70000
27,29999
27,29999
27,29999
27,70000
27,70000
28,00000
28,00000
28,29999
28,29999
28,00000
27,70000
28,00000
28,29999
28,29999
27,70000
27,29999
27,29999
27,70000
28,00000
27,29999
27,70000
27,00000
25,70000
26,10000
26,10000
27,00000
26,10000
26,10000
26,10000
25,70000
26,10000
26,10000
26,10000
26,10000
25,10000
25,10000
25,10000
25,40000
25,40000
26,10000
26,10000
26,10000
26,10000
27,00000
27,00000
27,00000
27,00000
27,00000
27,70000
28,00000
27,70000
28,29999
28,29999
28,00000
28,00000
28,29999
28,00000
28,00000
28,29999
28,29999
28,29999
28,29999
28,00000
28,00000
28,00000
28,00000
28,00000
28,00000
28,00000
28,29999
28,00000
28,29999
28,29999
28,29999
28,00000
28,00000
28,00000
28,29999
28,29999
28,29999
28,29999
28,29999
28,00000
28,29999
28,29999
28,00000
28,00000
27,70000
27,70000
28,00000
28,00000
28,00000
28,00000
28,00000
28,00000
28,00000
28,00000
28,00000
28,00000
28,00000
27,70000
28,00000
28,00000
27,70000
28,00000
27,70000
27,70000
27,70000
27,29999
27,29999
27,00000
27,00000
27,29999
27,29999
27,00000
27,00000
27,00000
25,70000
25,40000
25,40000
24,79999
24,79999
25,10000
25,10000
24,79999
24,40000
24,40000
24,10000
24,10000
23,79999
23,20000
23,79999
24,10000
24,40000
24,79999
25,10000
24,79999
24,40000
24,79999
24,40000
24,40000
24,10000
23,50000
23,79999
23,50000
23,20000
23,20000
23,20000
22,50000
22,50000
22,50000
23,20000
23,20000
22,50000
22,50000
22,50000
22,50000
22,20000
22,20000
22,20000
22,20000
22,20000
22,50000
22,20000
22,20000
21,50000
21,50000
21,90000
21,50000
21,50000
21,20000
21,50000
20,90000
21,50000
21,50000
20,90000
21,20000
20,90000
21,20000
20,90000
20,90000
20,60000
20,60000
20,60000
20,60000
20,60000
20,60000
20,60000
20,29999
20,60000
20,60000
20,29999
19,90000
19,90000
19,90000
19,90000
19,90000
19,60000
19,60000
19,60000
19,29999
18,60000
19,29999
19,29999
18,60000
19,29999
18,29999
19,29999
19,29999
18,60000
18,29999
18,29999
18,60000
18,29999
18,29999
18,60000
18,29999
18,29999
18,00000
18,00000
18,00000
18,00000
17,70000
17,70000
18,00000
17,70000
17,70000
17,70000
17,00000
16,40000
16,70000
16,70000
16,70000
16,70000
17,70000
16,70000
17,40000
16,70000
16,70000
16,70000
16,70000
16,40000
16,40000
16,40000
16,40000
16,40000
16,40000
16,40000
16,40000
16,40000
16,40000
16,10000
16,10000
16,10000
16,10000
16,10000
16,10000
16,10000
15,70000
16,10000
15,70000
15,70000
15,70000
15,70000
15,70000
15,70000
15,70000
15,40000
15,70000
15,40000
15,40000
15,40000
15,40000
15,40000
14,80000
15,40000
15,40000
15,40000
15,40000
14,80000
14,80000
14,80000
14,80000
14,80000
14,50000
14,50000
14,50000
14,50000
14,50000
14,80000
14,50000
14,50000
14,50000
14,50000
14,50000
14,50000
14,10000
14,50000
14,50000
14,50000
14,50000
14,50000
13,80000
13,80000
13,80000
13,80000
13,80000
13,50000
13,80000
13,50000
13,50000
13,50000
13,50000
13,50000
13,50000
13,50000
13,50000
13,20000
13,50000
13,50000
13,50000
13,50000
13,50000
13,50000
13,50000
13,20000
13,20000
12,80000
13,20000
13,20000
13,20000
13,20000
13,20000
13,20000
13,20000
13,20000
12,80000
12,80000
12,80000
12,80000
12,80000
12,80000
12,80000
12,80000
12,80000
12,80000
12,80000
12,50000
12,50000
12,50000
12,50000
12,80000
12,20000
12,20000
12,20000
12,20000
12,20000
12,20000
12,20000
12,20000
12,20000
12,20000
11,90000
12,20000
11,90000
12,20000
11,90000
11,90000
11,90000
11,90000
11,90000
11,90000
11,90000
11,90000
11,90000
11,90000
11,60000
11,90000
11,60000
11,60000
11,60000
11,60000
10,90000
11,60000
11,60000
11,60000
11,60000
11,60000
10,90000
10,90000
10,60000
10,60000
10,60000
10,60000
10,60000
10,60000
10,60000
10,60000
10,60000
10,30000
10,60000
10,60000
10,60000
10,60000
10,60000
10,60000
10,60000
10,60000
10,30000
10,30000
10,30000
10,30000
10,30000
10,30000
10,30000
10,30000
10,30000
10,30000
9,900000
9,900000
9,900000
10,30000
9,900000
9,900000
9,900000
9,900000
9,900000
9,900000
9,900000
9,900000
9,900000
9,900000
9,900000
9,900000
9,900000
9,900000
9,900000
9,900000
9,900000
9,900000
9,900000
9,600000
9,900000
9,600000
9,600000
9,600000
9,600000
9,600000
9,600000
9,600000
9,600000
9,300000
9,600000
9,600000
9,600000
9,600000
9,600000
9,600000
9,300000
9,600000
9,300000
9,600000
9,300000
9,300000
9,300000
9,300000
9,300000
9,300000
9,300000
9,300000
9,300000
9,300000
9,300000
9,300000
9,300000
9,300000
9,300000
9,300000
9,300000
9,300000
9,300000
9,300000
9,300000
9,300000
9,300000
9,000000
9,300000
9,000000
9,000000
9,000000
9,000000
9,000000
9,000000
9,300000
9,000000
9,000000
9,000000
9,000000
9,000000
9,000000
9,000000
9,000000
9,000000
9,000000
9,000000
9,000000
9,000000
9,000000
9,000000
9,000000
9,000000
9,000000
9,000000
9,000000
9,000000
8,700000
8,700000
9,000000
9,000000
9,000000
8,700000
8,700000
8,700000
8,700000
8,700000
8,700000
8,700000
8,700000
8,700000
8,700000
8,700000
8,700000
8,700000
8,700000
8,700000
8,700000
8,700000
8,700000
8,700000
8,700000
8,700000
8,700000
8,700000
8,700000
8,700000
8,700000
8,700000
8,700000
8,700000
8,700000
8,700000
8,700000
8,700000
8,700000
8,300000
8,300000
8,700000
8,300000
8,300000
8,300000
8,300000
8,300000
8,000000
8,300000
8,300000
8,300000
8,300000
8,000000
7,700000
8,000000
7,700000
8,000000
7,700000
8,000000
7,700000
7,700000
8,000000
7,700000
8,000000
7,700000
7,700000
7,700000
8,000000
7,700000
7,700000
7,700000
7,700000
7,700000
7,700000
7,700000
7,700000
7,700000
7,700000
7,700000
7,700000
7,700000
7,700000
7,700000
7,700000
7,700000
7,700000
7,700000
7,700000
7,700000
7,700000
7,700000
7,700000
7,700000
7,700000
7,700000
7,700000
7,700000
7,700000
7,700000
7,000000
7,000000
7,700000
7,000000
7,000000
7,000000
7,000000
7,000000
7,000000
7,000000
7,000000
7,000000
7,000000
7,000000
7,000000
7,000000
7,000000
7,000000
7,000000
7,000000
7,000000
7,000000
7,000000
7,000000
7,000000
7,000000
7,000000
7,000000
7,000000
7,000000
7,000000
7,000000
7,000000
7,000000
7,000000
7,000000
7,000000
7,000000
6,700000
7,000000
7,000000
6,700000
6,700000
6,700000
6,700000
6,700000
6,700000
6,700000
6,700000
6,700000
6,700000
6,700000
6,700000
6,700000
6,700000
6,700000
6,700000
6,700000
6,700000
6,700000
6,700000
6,700000
6,700000
6,700000
6,700000
6,700000
6,700000
6,700000
6,700000
6,700000
6,700000
6,700000
6,700000
6,700000
6,700000
6,700000
6,700000
6,700000
6,700000
6,700000
6,700000
6,700000
6,700000
6,700000
6,700000
6,700000
6,700000
6,700000
6,700000
6,700000
6,700000
6,700000
6,700000
6,700000
6,700000
6,700000
6,700000
6,700000
6,700000
6,700000
6,700000
6,700000
6,700000
6,700000
6,700000
6,700000
6,700000
6,700000
6,700000
6,700000
6,700000
6,700000
6,700000
6,700000
6,700000
6,700000
6,700000
6,700000
6,700000
6,700000
6,700000
6,700000
6,700000
6,700000
6,700000
6,700000
6,700000
6,700000
6,700000
6,700000
6,700000
6,700000
6,700000
6,700000
7,000000
7,000000
7,000000
7,000000
7,000000
7,000000
6,700000
7,000000
7,000000
7,000000
7,000000
7,000000
7,000000
7,000000
7,000000
7,000000
7,700000
7,700000
7,700000
8,000000
7,700000
8,000000
8,000000
8,300000
8,700000
8,700000
8,700000
8,700000
8,700000
8,700000
9,000000
9,000000
9,000000
9,300000
9,300000
9,300000
9,600000
9,600000
9,600000
9,600000
9,900000
9,900000
9,900000
10,30000
10,30000
10,60000
10,60000
10,60000
11,60000
11,60000
11,90000
11,90000
11,90000
12,20000
12,20000
12,20000
12,50000
12,80000
12,80000
12,80000
13,20000
13,20000
13,50000
13,50000
13,50000
13,80000
13,80000
13,80000
14,50000
14,50000
14,80000
14,80000
14,80000
15,40000
15,40000
15,40000
15,70000
15,70000
16,10000
16,10000
16,10000
16,40000
16,40000
16,40000
16,70000
16,70000
16,70000
16,70000
17,40000
17,70000
17,70000
17,70000
17,70000
17,70000
17,70000
18,00000
18,00000
18,00000
18,00000
16,40000
16,10000
16,40000
16,70000
16,40000
16,70000
17,40000
17,70000
18,00000
18,29999
18,29999
18,60000
18,60000
19,29999
19,29999
19,29999
